0.
7.
9.
3.
-2.
2.
9.
-7.
6.
8.
-6.
9.
1.
2.
2.
-1.
2.
7.
-9.
0.
9.
2.
-1.
9.
-2.
-7.
6.
7.
-0.
-2.
1.
-9.
6.
-5.
4.
-6.
-8.
8.
-7.
6.
8.
-6.
9.
1.
2.
2.
-1.
2.
7.
-9.
8.
-7.
6.
8.
-6.
9.
1.
2.
2.
-1.
2.
7.
-9.
0.
9.
2.
-1.
9.
-2.
0.
9.
2.
-1.
9.
-2.
-7.
6.
7.
-0.
-2.
1.
-9.
6.
-1.
9.
-2.
-7.
6.
7.
-0.
-2.
1.
-9.
6.
-5.
4.
-6.
-8.
8.
-7.
6.
8.
-6.
9.
1.
2.
2.
-1.
2.
7.
-9.
0.
9.
2.
-1.
9.
-2.
-7.
6.
7.
-0.
-2.
1.
-9.